(kicad_pcb (version 20171130) (host pcbnew "(5.0.0)")

  (general
    (thickness 1.6)
    (drawings 21)
    (tracks 280)
    (zones 0)
    (modules 30)
    (nets 74)
  )

  (page A4)
  (layers
    (0 F.Cu signal)
    (31 B.Cu signal)
    (32 B.Adhes user)
    (33 F.Adhes user)
    (34 B.Paste user)
    (35 F.Paste user)
    (36 B.SilkS user)
    (37 F.SilkS user)
    (38 B.Mask user)
    (39 F.Mask user)
    (40 Dwgs.User user)
    (41 Cmts.User user)
    (42 Eco1.User user)
    (43 Eco2.User user)
    (44 Edge.Cuts user)
    (45 Margin user)
    (46 B.CrtYd user)
    (47 F.CrtYd user)
    (48 B.Fab user)
    (49 F.Fab user)
  )

  (setup
    (last_trace_width 0.25)
    (user_trace_width 0.381)
    (trace_clearance 0.2)
    (zone_clearance 0.508)
    (zone_45_only no)
    (trace_min 0.2)
    (segment_width 0.2)
    (edge_width 0.15)
    (via_size 0.8)
    (via_drill 0.4)
    (via_min_size 0.4)
    (via_min_drill 0.3)
    (uvia_size 0.3)
    (uvia_drill 0.1)
    (uvias_allowed no)
    (uvia_min_size 0.2)
    (uvia_min_drill 0.1)
    (pcb_text_width 0.3)
    (pcb_text_size 1.5 1.5)
    (mod_edge_width 0.15)
    (mod_text_size 1 1)
    (mod_text_width 0.15)
    (pad_size 1.524 1.524)
    (pad_drill 0.762)
    (pad_to_mask_clearance 0.2)
    (aux_axis_origin 0 0)
    (visible_elements 7FFFF7FF)
    (pcbplotparams
      (layerselection 0x010fc_ffffffff)
      (usegerberextensions false)
      (usegerberattributes false)
      (usegerberadvancedattributes false)
      (creategerberjobfile false)
      (excludeedgelayer true)
      (linewidth 0.100000)
      (plotframeref false)
      (viasonmask false)
      (mode 1)
      (useauxorigin false)
      (hpglpennumber 1)
      (hpglpenspeed 20)
      (hpglpendiameter 15.000000)
      (psnegative false)
      (psa4output false)
      (plotreference true)
      (plotvalue true)
      (plotinvisibletext false)
      (padsonsilk false)
      (subtractmaskfromsilk false)
      (outputformat 1)
      (mirror false)
      (drillshape 1)
      (scaleselection 1)
      (outputdirectory ""))
  )

  (net 0 "")
  (net 1 GND)
  (net 2 "Net-(C3-Pad2)")
  (net 3 "Net-(C4-Pad2)")
  (net 4 "Net-(C5-Pad2)")
  (net 5 "Net-(C6-Pad2)")
  (net 6 "Net-(C9-Pad2)")
  (net 7 "Net-(C9-Pad1)")
  (net 8 "Net-(C10-Pad1)")
  (net 9 "Net-(C10-Pad2)")
  (net 10 "Net-(C11-Pad2)")
  (net 11 "Net-(C11-Pad1)")
  (net 12 "Net-(C12-Pad1)")
  (net 13 "Net-(C12-Pad2)")
  (net 14 TX_1_SL)
  (net 15 RX_1_SL)
  (net 16 TX_2_SL)
  (net 17 RX_2_SL)
  (net 18 RX_3_SL)
  (net 19 TX_3_SL)
  (net 20 RX_1_IC)
  (net 21 TX_1_IC)
  (net 22 TX_2_IC)
  (net 23 RX_2_IC)
  (net 24 "Net-(U2-Pad7)")
  (net 25 "Net-(U2-Pad8)")
  (net 26 "Net-(U2-Pad9)")
  (net 27 "Net-(U2-Pad10)")
  (net 28 TX_3_IC)
  (net 29 RX_3_IC)
  (net 30 "Net-(U4-PadPM6)")
  (net 31 "Net-(U4-PadPQ1)")
  (net 32 "Net-(U4-PadPQ2)")
  (net 33 "Net-(U4-PadPQ3)")
  (net 34 "Net-(U4-PadPP3)")
  (net 35 "Net-(U4-PadPQ0)")
  (net 36 "Net-(U4-PadRese)")
  (net 37 "Net-(U4-PadPA7)")
  (net 38 "Net-(U4-PadPN5)")
  (net 39 "Net-(U4-PadPK2)")
  (net 40 "Net-(U4-PadPB4)")
  (net 41 "Net-(U4-PadPB5)")
  (net 42 "Net-(U4-PadPK3)")
  (net 43 "Net-(U4-PadPD2)")
  (net 44 "Net-(U4-PadPD4)")
  (net 45 "Net-(U4-PadPD5)")
  (net 46 "Net-(U4-PadPP4)")
  (net 47 "Net-(U4-PadPN4)")
  (net 48 "Net-(U4-PadPG1)")
  (net 49 "Net-(U4-PadPK4)")
  (net 50 "Net-(U4-PadPK5)")
  (net 51 "Net-(U4-PadPM0)")
  (net 52 "Net-(U4-PadPM1)")
  (net 53 "Net-(U4-PadPM2)")
  (net 54 "Net-(U4-PadPH0)")
  (net 55 "Net-(U4-PadPH1)")
  (net 56 "Net-(U4-PadPK6)")
  (net 57 "Net-(U4-PadPK7)")
  (net 58 "Net-(U4-PadPM7)")
  (net 59 "Net-(U4-PadPP5)")
  (net 60 /+12V)
  (net 61 "Net-(Conn2-Pad3)")
  (net 62 "Net-(Conn2-Pad4)")
  (net 63 "Net-(Conn3-Pad3)")
  (net 64 "Net-(Conn3-Pad4)")
  (net 65 "Net-(Conn4-Pad4)")
  (net 66 "Net-(Conn4-Pad3)")
  (net 67 +3V3)
  (net 68 "Net-(D1-Pad1)")
  (net 69 "Net-(D2-Pad2)")
  (net 70 "Net-(D3-Pad2)")
  (net 71 "Net-(D4-Pad2)")
  (net 72 "Net-(D5-Pad2)")
  (net 73 "Net-(U4-Pad+5V)")

  (net_class Default "This is the default net class."
    (clearance 0.2)
    (trace_width 0.25)
    (via_dia 0.8)
    (via_drill 0.4)
    (uvia_dia 0.3)
    (uvia_drill 0.1)
    (add_net +3V3)
    (add_net /+12V)
    (add_net GND)
    (add_net "Net-(C10-Pad1)")
    (add_net "Net-(C10-Pad2)")
    (add_net "Net-(C11-Pad1)")
    (add_net "Net-(C11-Pad2)")
    (add_net "Net-(C12-Pad1)")
    (add_net "Net-(C12-Pad2)")
    (add_net "Net-(C3-Pad2)")
    (add_net "Net-(C4-Pad2)")
    (add_net "Net-(C5-Pad2)")
    (add_net "Net-(C6-Pad2)")
    (add_net "Net-(C9-Pad1)")
    (add_net "Net-(C9-Pad2)")
    (add_net "Net-(Conn2-Pad3)")
    (add_net "Net-(Conn2-Pad4)")
    (add_net "Net-(Conn3-Pad3)")
    (add_net "Net-(Conn3-Pad4)")
    (add_net "Net-(Conn4-Pad3)")
    (add_net "Net-(Conn4-Pad4)")
    (add_net "Net-(D1-Pad1)")
    (add_net "Net-(D2-Pad2)")
    (add_net "Net-(D3-Pad2)")
    (add_net "Net-(D4-Pad2)")
    (add_net "Net-(D5-Pad2)")
    (add_net "Net-(U2-Pad10)")
    (add_net "Net-(U2-Pad7)")
    (add_net "Net-(U2-Pad8)")
    (add_net "Net-(U2-Pad9)")
    (add_net "Net-(U4-Pad+5V)")
    (add_net "Net-(U4-PadPA7)")
    (add_net "Net-(U4-PadPB4)")
    (add_net "Net-(U4-PadPB5)")
    (add_net "Net-(U4-PadPD2)")
    (add_net "Net-(U4-PadPD4)")
    (add_net "Net-(U4-PadPD5)")
    (add_net "Net-(U4-PadPG1)")
    (add_net "Net-(U4-PadPH0)")
    (add_net "Net-(U4-PadPH1)")
    (add_net "Net-(U4-PadPK2)")
    (add_net "Net-(U4-PadPK3)")
    (add_net "Net-(U4-PadPK4)")
    (add_net "Net-(U4-PadPK5)")
    (add_net "Net-(U4-PadPK6)")
    (add_net "Net-(U4-PadPK7)")
    (add_net "Net-(U4-PadPM0)")
    (add_net "Net-(U4-PadPM1)")
    (add_net "Net-(U4-PadPM2)")
    (add_net "Net-(U4-PadPM6)")
    (add_net "Net-(U4-PadPM7)")
    (add_net "Net-(U4-PadPN4)")
    (add_net "Net-(U4-PadPN5)")
    (add_net "Net-(U4-PadPP3)")
    (add_net "Net-(U4-PadPP4)")
    (add_net "Net-(U4-PadPP5)")
    (add_net "Net-(U4-PadPQ0)")
    (add_net "Net-(U4-PadPQ1)")
    (add_net "Net-(U4-PadPQ2)")
    (add_net "Net-(U4-PadPQ3)")
    (add_net "Net-(U4-PadRese)")
    (add_net RX_1_IC)
    (add_net RX_1_SL)
    (add_net RX_2_IC)
    (add_net RX_2_SL)
    (add_net RX_3_IC)
    (add_net RX_3_SL)
    (add_net TX_1_IC)
    (add_net TX_1_SL)
    (add_net TX_2_IC)
    (add_net TX_2_SL)
    (add_net TX_3_IC)
    (add_net TX_3_SL)
  )

  (module Capacitor_SMD:C_0603_1608Metric_Pad1.05x0.95mm_HandSolder (layer F.Cu) (tedit 5B301BBE) (tstamp 5BD7FE4F)
    (at 143.369 73.406)
    (descr "Capacitor SMD 0603 (1608 Metric), square (rectangular) end terminal, IPC_7351 nominal with elongated pad for handsoldering. (Body size source: http://www.tortai-tech.com/upload/download/2011102023233369053.pdf), generated with kicad-footprint-generator")
    (tags "capacitor handsolder")
    (path /5BC76CA1)
    (attr smd)
    (fp_text reference C1 (at 0 -1.43) (layer F.SilkS)
      (effects (font (size 1 1) (thickness 0.15)))
    )
    (fp_text value .1uF (at 0 1.43) (layer F.Fab)
      (effects (font (size 1 1) (thickness 0.15)))
    )
    (fp_text user %R (at 0 0) (layer F.Fab)
      (effects (font (size 0.4 0.4) (thickness 0.06)))
    )
    (fp_line (start 1.65 0.73) (end -1.65 0.73) (layer F.CrtYd) (width 0.05))
    (fp_line (start 1.65 -0.73) (end 1.65 0.73) (layer F.CrtYd) (width 0.05))
    (fp_line (start -1.65 -0.73) (end 1.65 -0.73) (layer F.CrtYd) (width 0.05))
    (fp_line (start -1.65 0.73) (end -1.65 -0.73) (layer F.CrtYd) (width 0.05))
    (fp_line (start -0.171267 0.51) (end 0.171267 0.51) (layer F.SilkS) (width 0.12))
    (fp_line (start -0.171267 -0.51) (end 0.171267 -0.51) (layer F.SilkS) (width 0.12))
    (fp_line (start 0.8 0.4) (end -0.8 0.4) (layer F.Fab) (width 0.1))
    (fp_line (start 0.8 -0.4) (end 0.8 0.4) (layer F.Fab) (width 0.1))
    (fp_line (start -0.8 -0.4) (end 0.8 -0.4) (layer F.Fab) (width 0.1))
    (fp_line (start -0.8 0.4) (end -0.8 -0.4) (layer F.Fab) (width 0.1))
    (pad 2 smd roundrect (at 0.875 0) (size 1.05 0.95) (layers F.Cu F.Paste F.Mask) (roundrect_rratio 0.25)
      (net 1 GND))
    (pad 1 smd roundrect (at -0.875 0) (size 1.05 0.95) (layers F.Cu F.Paste F.Mask) (roundrect_rratio 0.25)
      (net 67 +3V3))
    (model ${KISYS3DMOD}/Capacitor_SMD.3dshapes/C_0603_1608Metric.wrl
      (at (xyz 0 0 0))
      (scale (xyz 1 1 1))
      (rotate (xyz 0 0 0))
    )
  )

  (module Capacitor_SMD:C_0603_1608Metric_Pad1.05x0.95mm_HandSolder (layer F.Cu) (tedit 5B301BBE) (tstamp 5BDE2FCA)
    (at 178.421 59.944)
    (descr "Capacitor SMD 0603 (1608 Metric), square (rectangular) end terminal, IPC_7351 nominal with elongated pad for handsoldering. (Body size source: http://www.tortai-tech.com/upload/download/2011102023233369053.pdf), generated with kicad-footprint-generator")
    (tags "capacitor handsolder")
    (path /5BC7EBF4)
    (attr smd)
    (fp_text reference C2 (at 0 -1.43) (layer F.SilkS)
      (effects (font (size 1 1) (thickness 0.15)))
    )
    (fp_text value .1uF (at 0 1.43) (layer F.Fab)
      (effects (font (size 1 1) (thickness 0.15)))
    )
    (fp_text user %R (at 0 0) (layer F.Fab)
      (effects (font (size 0.4 0.4) (thickness 0.06)))
    )
    (fp_line (start 1.65 0.73) (end -1.65 0.73) (layer F.CrtYd) (width 0.05))
    (fp_line (start 1.65 -0.73) (end 1.65 0.73) (layer F.CrtYd) (width 0.05))
    (fp_line (start -1.65 -0.73) (end 1.65 -0.73) (layer F.CrtYd) (width 0.05))
    (fp_line (start -1.65 0.73) (end -1.65 -0.73) (layer F.CrtYd) (width 0.05))
    (fp_line (start -0.171267 0.51) (end 0.171267 0.51) (layer F.SilkS) (width 0.12))
    (fp_line (start -0.171267 -0.51) (end 0.171267 -0.51) (layer F.SilkS) (width 0.12))
    (fp_line (start 0.8 0.4) (end -0.8 0.4) (layer F.Fab) (width 0.1))
    (fp_line (start 0.8 -0.4) (end 0.8 0.4) (layer F.Fab) (width 0.1))
    (fp_line (start -0.8 -0.4) (end 0.8 -0.4) (layer F.Fab) (width 0.1))
    (fp_line (start -0.8 0.4) (end -0.8 -0.4) (layer F.Fab) (width 0.1))
    (pad 2 smd roundrect (at 0.875 0) (size 1.05 0.95) (layers F.Cu F.Paste F.Mask) (roundrect_rratio 0.25)
      (net 1 GND))
    (pad 1 smd roundrect (at -0.875 0) (size 1.05 0.95) (layers F.Cu F.Paste F.Mask) (roundrect_rratio 0.25)
      (net 67 +3V3))
    (model ${KISYS3DMOD}/Capacitor_SMD.3dshapes/C_0603_1608Metric.wrl
      (at (xyz 0 0 0))
      (scale (xyz 1 1 1))
      (rotate (xyz 0 0 0))
    )
  )

  (module Capacitor_SMD:C_0603_1608Metric_Pad1.05x0.95mm_HandSolder (layer F.Cu) (tedit 5B301BBE) (tstamp 5BDE0E68)
    (at 125.109 75.946)
    (descr "Capacitor SMD 0603 (1608 Metric), square (rectangular) end terminal, IPC_7351 nominal with elongated pad for handsoldering. (Body size source: http://www.tortai-tech.com/upload/download/2011102023233369053.pdf), generated with kicad-footprint-generator")
    (tags "capacitor handsolder")
    (path /5BC69DF3)
    (attr smd)
    (fp_text reference C3 (at 0 -1.43) (layer F.SilkS)
      (effects (font (size 1 1) (thickness 0.15)))
    )
    (fp_text value .1uF (at 0 1.43) (layer F.Fab)
      (effects (font (size 1 1) (thickness 0.15)))
    )
    (fp_text user %R (at 0 0) (layer F.Fab)
      (effects (font (size 0.4 0.4) (thickness 0.06)))
    )
    (fp_line (start 1.65 0.73) (end -1.65 0.73) (layer F.CrtYd) (width 0.05))
    (fp_line (start 1.65 -0.73) (end 1.65 0.73) (layer F.CrtYd) (width 0.05))
    (fp_line (start -1.65 -0.73) (end 1.65 -0.73) (layer F.CrtYd) (width 0.05))
    (fp_line (start -1.65 0.73) (end -1.65 -0.73) (layer F.CrtYd) (width 0.05))
    (fp_line (start -0.171267 0.51) (end 0.171267 0.51) (layer F.SilkS) (width 0.12))
    (fp_line (start -0.171267 -0.51) (end 0.171267 -0.51) (layer F.SilkS) (width 0.12))
    (fp_line (start 0.8 0.4) (end -0.8 0.4) (layer F.Fab) (width 0.1))
    (fp_line (start 0.8 -0.4) (end 0.8 0.4) (layer F.Fab) (width 0.1))
    (fp_line (start -0.8 -0.4) (end 0.8 -0.4) (layer F.Fab) (width 0.1))
    (fp_line (start -0.8 0.4) (end -0.8 -0.4) (layer F.Fab) (width 0.1))
    (pad 2 smd roundrect (at 0.875 0) (size 1.05 0.95) (layers F.Cu F.Paste F.Mask) (roundrect_rratio 0.25)
      (net 2 "Net-(C3-Pad2)"))
    (pad 1 smd roundrect (at -0.875 0) (size 1.05 0.95) (layers F.Cu F.Paste F.Mask) (roundrect_rratio 0.25)
      (net 1 GND))
    (model ${KISYS3DMOD}/Capacitor_SMD.3dshapes/C_0603_1608Metric.wrl
      (at (xyz 0 0 0))
      (scale (xyz 1 1 1))
      (rotate (xyz 0 0 0))
    )
  )

  (module Capacitor_SMD:C_0603_1608Metric_Pad1.05x0.95mm_HandSolder (layer F.Cu) (tedit 5B301BBE) (tstamp 5BD7FA27)
    (at 125.109 81.026)
    (descr "Capacitor SMD 0603 (1608 Metric), square (rectangular) end terminal, IPC_7351 nominal with elongated pad for handsoldering. (Body size source: http://www.tortai-tech.com/upload/download/2011102023233369053.pdf), generated with kicad-footprint-generator")
    (tags "capacitor handsolder")
    (path /5BC69E47)
    (attr smd)
    (fp_text reference C4 (at 0 -1.43) (layer F.SilkS)
      (effects (font (size 1 1) (thickness 0.15)))
    )
    (fp_text value .1uF (at 0 1.43) (layer F.Fab)
      (effects (font (size 1 1) (thickness 0.15)))
    )
    (fp_line (start -0.8 0.4) (end -0.8 -0.4) (layer F.Fab) (width 0.1))
    (fp_line (start -0.8 -0.4) (end 0.8 -0.4) (layer F.Fab) (width 0.1))
    (fp_line (start 0.8 -0.4) (end 0.8 0.4) (layer F.Fab) (width 0.1))
    (fp_line (start 0.8 0.4) (end -0.8 0.4) (layer F.Fab) (width 0.1))
    (fp_line (start -0.171267 -0.51) (end 0.171267 -0.51) (layer F.SilkS) (width 0.12))
    (fp_line (start -0.171267 0.51) (end 0.171267 0.51) (layer F.SilkS) (width 0.12))
    (fp_line (start -1.65 0.73) (end -1.65 -0.73) (layer F.CrtYd) (width 0.05))
    (fp_line (start -1.65 -0.73) (end 1.65 -0.73) (layer F.CrtYd) (width 0.05))
    (fp_line (start 1.65 -0.73) (end 1.65 0.73) (layer F.CrtYd) (width 0.05))
    (fp_line (start 1.65 0.73) (end -1.65 0.73) (layer F.CrtYd) (width 0.05))
    (fp_text user %R (at 0 0) (layer F.Fab)
      (effects (font (size 0.4 0.4) (thickness 0.06)))
    )
    (pad 1 smd roundrect (at -0.875 0) (size 1.05 0.95) (layers F.Cu F.Paste F.Mask) (roundrect_rratio 0.25)
      (net 1 GND))
    (pad 2 smd roundrect (at 0.875 0) (size 1.05 0.95) (layers F.Cu F.Paste F.Mask) (roundrect_rratio 0.25)
      (net 3 "Net-(C4-Pad2)"))
    (model ${KISYS3DMOD}/Capacitor_SMD.3dshapes/C_0603_1608Metric.wrl
      (at (xyz 0 0 0))
      (scale (xyz 1 1 1))
      (rotate (xyz 0 0 0))
    )
  )

  (module Capacitor_SMD:C_0603_1608Metric_Pad1.05x0.95mm_HandSolder (layer F.Cu) (tedit 5B301BBE) (tstamp 5BDDF3A0)
    (at 159.258 62.484)
    (descr "Capacitor SMD 0603 (1608 Metric), square (rectangular) end terminal, IPC_7351 nominal with elongated pad for handsoldering. (Body size source: http://www.tortai-tech.com/upload/download/2011102023233369053.pdf), generated with kicad-footprint-generator")
    (tags "capacitor handsolder")
    (path /5BC7EBC0)
    (attr smd)
    (fp_text reference C5 (at 0 -1.43) (layer F.SilkS)
      (effects (font (size 1 1) (thickness 0.15)))
    )
    (fp_text value .1uF (at 0 1.43) (layer F.Fab)
      (effects (font (size 1 1) (thickness 0.15)))
    )
    (fp_text user %R (at 0 0) (layer F.Fab)
      (effects (font (size 0.4 0.4) (thickness 0.06)))
    )
    (fp_line (start 1.65 0.73) (end -1.65 0.73) (layer F.CrtYd) (width 0.05))
    (fp_line (start 1.65 -0.73) (end 1.65 0.73) (layer F.CrtYd) (width 0.05))
    (fp_line (start -1.65 -0.73) (end 1.65 -0.73) (layer F.CrtYd) (width 0.05))
    (fp_line (start -1.65 0.73) (end -1.65 -0.73) (layer F.CrtYd) (width 0.05))
    (fp_line (start -0.171267 0.51) (end 0.171267 0.51) (layer F.SilkS) (width 0.12))
    (fp_line (start -0.171267 -0.51) (end 0.171267 -0.51) (layer F.SilkS) (width 0.12))
    (fp_line (start 0.8 0.4) (end -0.8 0.4) (layer F.Fab) (width 0.1))
    (fp_line (start 0.8 -0.4) (end 0.8 0.4) (layer F.Fab) (width 0.1))
    (fp_line (start -0.8 -0.4) (end 0.8 -0.4) (layer F.Fab) (width 0.1))
    (fp_line (start -0.8 0.4) (end -0.8 -0.4) (layer F.Fab) (width 0.1))
    (pad 2 smd roundrect (at 0.875 0) (size 1.05 0.95) (layers F.Cu F.Paste F.Mask) (roundrect_rratio 0.25)
      (net 4 "Net-(C5-Pad2)"))
    (pad 1 smd roundrect (at -0.875 0) (size 1.05 0.95) (layers F.Cu F.Paste F.Mask) (roundrect_rratio 0.25)
      (net 1 GND))
    (model ${KISYS3DMOD}/Capacitor_SMD.3dshapes/C_0603_1608Metric.wrl
      (at (xyz 0 0 0))
      (scale (xyz 1 1 1))
      (rotate (xyz 0 0 0))
    )
  )

  (module Capacitor_SMD:C_0603_1608Metric_Pad1.05x0.95mm_HandSolder (layer F.Cu) (tedit 5B301BBE) (tstamp 5BDDF460)
    (at 159.371 67.564)
    (descr "Capacitor SMD 0603 (1608 Metric), square (rectangular) end terminal, IPC_7351 nominal with elongated pad for handsoldering. (Body size source: http://www.tortai-tech.com/upload/download/2011102023233369053.pdf), generated with kicad-footprint-generator")
    (tags "capacitor handsolder")
    (path /5BC7EBC7)
    (attr smd)
    (fp_text reference C6 (at 0 -1.43) (layer F.SilkS)
      (effects (font (size 1 1) (thickness 0.15)))
    )
    (fp_text value .1uF (at 0 1.43) (layer F.Fab)
      (effects (font (size 1 1) (thickness 0.15)))
    )
    (fp_line (start -0.8 0.4) (end -0.8 -0.4) (layer F.Fab) (width 0.1))
    (fp_line (start -0.8 -0.4) (end 0.8 -0.4) (layer F.Fab) (width 0.1))
    (fp_line (start 0.8 -0.4) (end 0.8 0.4) (layer F.Fab) (width 0.1))
    (fp_line (start 0.8 0.4) (end -0.8 0.4) (layer F.Fab) (width 0.1))
    (fp_line (start -0.171267 -0.51) (end 0.171267 -0.51) (layer F.SilkS) (width 0.12))
    (fp_line (start -0.171267 0.51) (end 0.171267 0.51) (layer F.SilkS) (width 0.12))
    (fp_line (start -1.65 0.73) (end -1.65 -0.73) (layer F.CrtYd) (width 0.05))
    (fp_line (start -1.65 -0.73) (end 1.65 -0.73) (layer F.CrtYd) (width 0.05))
    (fp_line (start 1.65 -0.73) (end 1.65 0.73) (layer F.CrtYd) (width 0.05))
    (fp_line (start 1.65 0.73) (end -1.65 0.73) (layer F.CrtYd) (width 0.05))
    (fp_text user %R (at 0 0) (layer F.Fab)
      (effects (font (size 0.4 0.4) (thickness 0.06)))
    )
    (pad 1 smd roundrect (at -0.875 0) (size 1.05 0.95) (layers F.Cu F.Paste F.Mask) (roundrect_rratio 0.25)
      (net 1 GND))
    (pad 2 smd roundrect (at 0.875 0) (size 1.05 0.95) (layers F.Cu F.Paste F.Mask) (roundrect_rratio 0.25)
      (net 5 "Net-(C6-Pad2)"))
    (model ${KISYS3DMOD}/Capacitor_SMD.3dshapes/C_0603_1608Metric.wrl
      (at (xyz 0 0 0))
      (scale (xyz 1 1 1))
      (rotate (xyz 0 0 0))
    )
  )

  (module Capacitor_SMD:C_0603_1608Metric_Pad1.05x0.95mm_HandSolder (layer F.Cu) (tedit 5B301BBE) (tstamp 5BE885C5)
    (at 159.625 87.122)
    (descr "Capacitor SMD 0603 (1608 Metric), square (rectangular) end terminal, IPC_7351 nominal with elongated pad for handsoldering. (Body size source: http://www.tortai-tech.com/upload/download/2011102023233369053.pdf), generated with kicad-footprint-generator")
    (tags "capacitor handsolder")
    (path /5BC69222)
    (attr smd)
    (fp_text reference C7 (at 0 -1.43) (layer F.SilkS)
      (effects (font (size 1 1) (thickness 0.15)))
    )
    (fp_text value 10uF (at 0 1.43) (layer F.Fab)
      (effects (font (size 1 1) (thickness 0.15)))
    )
    (fp_line (start -0.8 0.4) (end -0.8 -0.4) (layer F.Fab) (width 0.1))
    (fp_line (start -0.8 -0.4) (end 0.8 -0.4) (layer F.Fab) (width 0.1))
    (fp_line (start 0.8 -0.4) (end 0.8 0.4) (layer F.Fab) (width 0.1))
    (fp_line (start 0.8 0.4) (end -0.8 0.4) (layer F.Fab) (width 0.1))
    (fp_line (start -0.171267 -0.51) (end 0.171267 -0.51) (layer F.SilkS) (width 0.12))
    (fp_line (start -0.171267 0.51) (end 0.171267 0.51) (layer F.SilkS) (width 0.12))
    (fp_line (start -1.65 0.73) (end -1.65 -0.73) (layer F.CrtYd) (width 0.05))
    (fp_line (start -1.65 -0.73) (end 1.65 -0.73) (layer F.CrtYd) (width 0.05))
    (fp_line (start 1.65 -0.73) (end 1.65 0.73) (layer F.CrtYd) (width 0.05))
    (fp_line (start 1.65 0.73) (end -1.65 0.73) (layer F.CrtYd) (width 0.05))
    (fp_text user %R (at 0 0) (layer F.Fab)
      (effects (font (size 0.4 0.4) (thickness 0.06)))
    )
    (pad 1 smd roundrect (at -0.875 0) (size 1.05 0.95) (layers F.Cu F.Paste F.Mask) (roundrect_rratio 0.25)
      (net 60 /+12V))
    (pad 2 smd roundrect (at 0.875 0) (size 1.05 0.95) (layers F.Cu F.Paste F.Mask) (roundrect_rratio 0.25)
      (net 1 GND))
    (model ${KISYS3DMOD}/Capacitor_SMD.3dshapes/C_0603_1608Metric.wrl
      (at (xyz 0 0 0))
      (scale (xyz 1 1 1))
      (rotate (xyz 0 0 0))
    )
  )

  (module Capacitor_SMD:C_0603_1608Metric_Pad1.05x0.95mm_HandSolder (layer F.Cu) (tedit 5B301BBE) (tstamp 5BDE08BF)
    (at 162.419 80.01)
    (descr "Capacitor SMD 0603 (1608 Metric), square (rectangular) end terminal, IPC_7351 nominal with elongated pad for handsoldering. (Body size source: http://www.tortai-tech.com/upload/download/2011102023233369053.pdf), generated with kicad-footprint-generator")
    (tags "capacitor handsolder")
    (path /5BC69286)
    (attr smd)
    (fp_text reference C8 (at 0 -1.43) (layer F.SilkS)
      (effects (font (size 1 1) (thickness 0.15)))
    )
    (fp_text value 10uF (at 0 1.43) (layer F.Fab)
      (effects (font (size 1 1) (thickness 0.15)))
    )
    (fp_line (start -0.8 0.4) (end -0.8 -0.4) (layer F.Fab) (width 0.1))
    (fp_line (start -0.8 -0.4) (end 0.8 -0.4) (layer F.Fab) (width 0.1))
    (fp_line (start 0.8 -0.4) (end 0.8 0.4) (layer F.Fab) (width 0.1))
    (fp_line (start 0.8 0.4) (end -0.8 0.4) (layer F.Fab) (width 0.1))
    (fp_line (start -0.171267 -0.51) (end 0.171267 -0.51) (layer F.SilkS) (width 0.12))
    (fp_line (start -0.171267 0.51) (end 0.171267 0.51) (layer F.SilkS) (width 0.12))
    (fp_line (start -1.65 0.73) (end -1.65 -0.73) (layer F.CrtYd) (width 0.05))
    (fp_line (start -1.65 -0.73) (end 1.65 -0.73) (layer F.CrtYd) (width 0.05))
    (fp_line (start 1.65 -0.73) (end 1.65 0.73) (layer F.CrtYd) (width 0.05))
    (fp_line (start 1.65 0.73) (end -1.65 0.73) (layer F.CrtYd) (width 0.05))
    (fp_text user %R (at 0 0) (layer F.Fab)
      (effects (font (size 0.4 0.4) (thickness 0.06)))
    )
    (pad 1 smd roundrect (at -0.875 0) (size 1.05 0.95) (layers F.Cu F.Paste F.Mask) (roundrect_rratio 0.25)
      (net 67 +3V3))
    (pad 2 smd roundrect (at 0.875 0) (size 1.05 0.95) (layers F.Cu F.Paste F.Mask) (roundrect_rratio 0.25)
      (net 1 GND))
    (model ${KISYS3DMOD}/Capacitor_SMD.3dshapes/C_0603_1608Metric.wrl
      (at (xyz 0 0 0))
      (scale (xyz 1 1 1))
      (rotate (xyz 0 0 0))
    )
  )

  (module Capacitor_SMD:C_0603_1608Metric_Pad1.05x0.95mm_HandSolder (layer F.Cu) (tedit 5B301BBE) (tstamp 5BDDF430)
    (at 128.778 73.406)
    (descr "Capacitor SMD 0603 (1608 Metric), square (rectangular) end terminal, IPC_7351 nominal with elongated pad for handsoldering. (Body size source: http://www.tortai-tech.com/upload/download/2011102023233369053.pdf), generated with kicad-footprint-generator")
    (tags "capacitor handsolder")
    (path /5BC69D37)
    (attr smd)
    (fp_text reference C9 (at 0 -1.43) (layer F.SilkS)
      (effects (font (size 1 1) (thickness 0.15)))
    )
    (fp_text value .1uF (at 0 1.43) (layer F.Fab)
      (effects (font (size 1 1) (thickness 0.15)))
    )
    (fp_line (start -0.8 0.4) (end -0.8 -0.4) (layer F.Fab) (width 0.1))
    (fp_line (start -0.8 -0.4) (end 0.8 -0.4) (layer F.Fab) (width 0.1))
    (fp_line (start 0.8 -0.4) (end 0.8 0.4) (layer F.Fab) (width 0.1))
    (fp_line (start 0.8 0.4) (end -0.8 0.4) (layer F.Fab) (width 0.1))
    (fp_line (start -0.171267 -0.51) (end 0.171267 -0.51) (layer F.SilkS) (width 0.12))
    (fp_line (start -0.171267 0.51) (end 0.171267 0.51) (layer F.SilkS) (width 0.12))
    (fp_line (start -1.65 0.73) (end -1.65 -0.73) (layer F.CrtYd) (width 0.05))
    (fp_line (start -1.65 -0.73) (end 1.65 -0.73) (layer F.CrtYd) (width 0.05))
    (fp_line (start 1.65 -0.73) (end 1.65 0.73) (layer F.CrtYd) (width 0.05))
    (fp_line (start 1.65 0.73) (end -1.65 0.73) (layer F.CrtYd) (width 0.05))
    (fp_text user %R (at 0 0) (layer F.Fab)
      (effects (font (size 0.4 0.4) (thickness 0.06)))
    )
    (pad 1 smd roundrect (at -0.875 0) (size 1.05 0.95) (layers F.Cu F.Paste F.Mask) (roundrect_rratio 0.25)
      (net 7 "Net-(C9-Pad1)"))
    (pad 2 smd roundrect (at 0.875 0) (size 1.05 0.95) (layers F.Cu F.Paste F.Mask) (roundrect_rratio 0.25)
      (net 6 "Net-(C9-Pad2)"))
    (model ${KISYS3DMOD}/Capacitor_SMD.3dshapes/C_0603_1608Metric.wrl
      (at (xyz 0 0 0))
      (scale (xyz 1 1 1))
      (rotate (xyz 0 0 0))
    )
  )

  (module Capacitor_SMD:C_0603_1608Metric_Pad1.05x0.95mm_HandSolder (layer F.Cu) (tedit 5B301BBE) (tstamp 5BDDF400)
    (at 128.891 78.486)
    (descr "Capacitor SMD 0603 (1608 Metric), square (rectangular) end terminal, IPC_7351 nominal with elongated pad for handsoldering. (Body size source: http://www.tortai-tech.com/upload/download/2011102023233369053.pdf), generated with kicad-footprint-generator")
    (tags "capacitor handsolder")
    (path /5BC69D97)
    (attr smd)
    (fp_text reference C10 (at 0 -1.43) (layer F.SilkS)
      (effects (font (size 1 1) (thickness 0.15)))
    )
    (fp_text value .1uF (at 0 1.43) (layer F.Fab)
      (effects (font (size 1 1) (thickness 0.15)))
    )
    (fp_text user %R (at 0 0) (layer F.Fab)
      (effects (font (size 0.4 0.4) (thickness 0.06)))
    )
    (fp_line (start 1.65 0.73) (end -1.65 0.73) (layer F.CrtYd) (width 0.05))
    (fp_line (start 1.65 -0.73) (end 1.65 0.73) (layer F.CrtYd) (width 0.05))
    (fp_line (start -1.65 -0.73) (end 1.65 -0.73) (layer F.CrtYd) (width 0.05))
    (fp_line (start -1.65 0.73) (end -1.65 -0.73) (layer F.CrtYd) (width 0.05))
    (fp_line (start -0.171267 0.51) (end 0.171267 0.51) (layer F.SilkS) (width 0.12))
    (fp_line (start -0.171267 -0.51) (end 0.171267 -0.51) (layer F.SilkS) (width 0.12))
    (fp_line (start 0.8 0.4) (end -0.8 0.4) (layer F.Fab) (width 0.1))
    (fp_line (start 0.8 -0.4) (end 0.8 0.4) (layer F.Fab) (width 0.1))
    (fp_line (start -0.8 -0.4) (end 0.8 -0.4) (layer F.Fab) (width 0.1))
    (fp_line (start -0.8 0.4) (end -0.8 -0.4) (layer F.Fab) (width 0.1))
    (pad 2 smd roundrect (at 0.875 0) (size 1.05 0.95) (layers F.Cu F.Paste F.Mask) (roundrect_rratio 0.25)
      (net 9 "Net-(C10-Pad2)"))
    (pad 1 smd roundrect (at -0.875 0) (size 1.05 0.95) (layers F.Cu F.Paste F.Mask) (roundrect_rratio 0.25)
      (net 8 "Net-(C10-Pad1)"))
    (model ${KISYS3DMOD}/Capacitor_SMD.3dshapes/C_0603_1608Metric.wrl
      (at (xyz 0 0 0))
      (scale (xyz 1 1 1))
      (rotate (xyz 0 0 0))
    )
  )

  (module Capacitor_SMD:C_0603_1608Metric_Pad1.05x0.95mm_HandSolder (layer F.Cu) (tedit 5B301BBE) (tstamp 5BDDF3D0)
    (at 163.943 59.944)
    (descr "Capacitor SMD 0603 (1608 Metric), square (rectangular) end terminal, IPC_7351 nominal with elongated pad for handsoldering. (Body size source: http://www.tortai-tech.com/upload/download/2011102023233369053.pdf), generated with kicad-footprint-generator")
    (tags "capacitor handsolder")
    (path /5BC7EBB2)
    (attr smd)
    (fp_text reference C11 (at 0 -1.43) (layer F.SilkS)
      (effects (font (size 1 1) (thickness 0.15)))
    )
    (fp_text value .1uF (at 0 1.43) (layer F.Fab)
      (effects (font (size 1 1) (thickness 0.15)))
    )
    (fp_line (start -0.8 0.4) (end -0.8 -0.4) (layer F.Fab) (width 0.1))
    (fp_line (start -0.8 -0.4) (end 0.8 -0.4) (layer F.Fab) (width 0.1))
    (fp_line (start 0.8 -0.4) (end 0.8 0.4) (layer F.Fab) (width 0.1))
    (fp_line (start 0.8 0.4) (end -0.8 0.4) (layer F.Fab) (width 0.1))
    (fp_line (start -0.171267 -0.51) (end 0.171267 -0.51) (layer F.SilkS) (width 0.12))
    (fp_line (start -0.171267 0.51) (end 0.171267 0.51) (layer F.SilkS) (width 0.12))
    (fp_line (start -1.65 0.73) (end -1.65 -0.73) (layer F.CrtYd) (width 0.05))
    (fp_line (start -1.65 -0.73) (end 1.65 -0.73) (layer F.CrtYd) (width 0.05))
    (fp_line (start 1.65 -0.73) (end 1.65 0.73) (layer F.CrtYd) (width 0.05))
    (fp_line (start 1.65 0.73) (end -1.65 0.73) (layer F.CrtYd) (width 0.05))
    (fp_text user %R (at 0 0) (layer F.Fab)
      (effects (font (size 0.4 0.4) (thickness 0.06)))
    )
    (pad 1 smd roundrect (at -0.875 0) (size 1.05 0.95) (layers F.Cu F.Paste F.Mask) (roundrect_rratio 0.25)
      (net 11 "Net-(C11-Pad1)"))
    (pad 2 smd roundrect (at 0.875 0) (size 1.05 0.95) (layers F.Cu F.Paste F.Mask) (roundrect_rratio 0.25)
      (net 10 "Net-(C11-Pad2)"))
    (model ${KISYS3DMOD}/Capacitor_SMD.3dshapes/C_0603_1608Metric.wrl
      (at (xyz 0 0 0))
      (scale (xyz 1 1 1))
      (rotate (xyz 0 0 0))
    )
  )

  (module Capacitor_SMD:C_0603_1608Metric_Pad1.05x0.95mm_HandSolder (layer F.Cu) (tedit 5B301BBE) (tstamp 5BD7EB91)
    (at 163.943 65.024)
    (descr "Capacitor SMD 0603 (1608 Metric), square (rectangular) end terminal, IPC_7351 nominal with elongated pad for handsoldering. (Body size source: http://www.tortai-tech.com/upload/download/2011102023233369053.pdf), generated with kicad-footprint-generator")
    (tags "capacitor handsolder")
    (path /5BC7EBB9)
    (attr smd)
    (fp_text reference C12 (at 0 -1.43) (layer F.SilkS)
      (effects (font (size 1 1) (thickness 0.15)))
    )
    (fp_text value .1uF (at 0 1.43) (layer F.Fab)
      (effects (font (size 1 1) (thickness 0.15)))
    )
    (fp_line (start -0.8 0.4) (end -0.8 -0.4) (layer F.Fab) (width 0.1))
    (fp_line (start -0.8 -0.4) (end 0.8 -0.4) (layer F.Fab) (width 0.1))
    (fp_line (start 0.8 -0.4) (end 0.8 0.4) (layer F.Fab) (width 0.1))
    (fp_line (start 0.8 0.4) (end -0.8 0.4) (layer F.Fab) (width 0.1))
    (fp_line (start -0.171267 -0.51) (end 0.171267 -0.51) (layer F.SilkS) (width 0.12))
    (fp_line (start -0.171267 0.51) (end 0.171267 0.51) (layer F.SilkS) (width 0.12))
    (fp_line (start -1.65 0.73) (end -1.65 -0.73) (layer F.CrtYd) (width 0.05))
    (fp_line (start -1.65 -0.73) (end 1.65 -0.73) (layer F.CrtYd) (width 0.05))
    (fp_line (start 1.65 -0.73) (end 1.65 0.73) (layer F.CrtYd) (width 0.05))
    (fp_line (start 1.65 0.73) (end -1.65 0.73) (layer F.CrtYd) (width 0.05))
    (fp_text user %R (at 0 0) (layer F.Fab)
      (effects (font (size 0.4 0.4) (thickness 0.06)))
    )
    (pad 1 smd roundrect (at -0.875 0) (size 1.05 0.95) (layers F.Cu F.Paste F.Mask) (roundrect_rratio 0.25)
      (net 12 "Net-(C12-Pad1)"))
    (pad 2 smd roundrect (at 0.875 0) (size 1.05 0.95) (layers F.Cu F.Paste F.Mask) (roundrect_rratio 0.25)
      (net 13 "Net-(C12-Pad2)"))
    (model ${KISYS3DMOD}/Capacitor_SMD.3dshapes/C_0603_1608Metric.wrl
      (at (xyz 0 0 0))
      (scale (xyz 1 1 1))
      (rotate (xyz 0 0 0))
    )
  )

  (module MRDT_Connectors:Anderson_2_Horisontal_Side_by_Side (layer F.Cu) (tedit 5AAD70FE) (tstamp 5BD7F2A2)
    (at 158.75 91.694 180)
    (path /5BC68926)
    (fp_text reference Conn1 (at -1.8796 0.762 180) (layer F.SilkS) hide
      (effects (font (size 1 1) (thickness 0.15)))
    )
    (fp_text value AndersonPP (at -12.8651 -16.764 180) (layer F.Fab)
      (effects (font (size 1 1) (thickness 0.15)))
    )
    (fp_arc (start -14.5796 0) (end -14.5796 -1.1176) (angle 90) (layer F.SilkS) (width 0.15))
    (fp_arc (start -14.5796 0) (end -15.6972 0) (angle 90) (layer F.SilkS) (width 0.15))
    (fp_line (start -24.638 -15.748) (end -24.638 0) (layer F.SilkS) (width 0.15))
    (fp_line (start 0 -15.748) (end 0 0) (layer F.SilkS) (width 0.15))
    (fp_line (start -15.7226 -15.748) (end -16.9418 -15.748) (layer F.SilkS) (width 0.15))
    (fp_arc (start -14.5796 -15.748) (end -13.4366 -15.748) (angle 90) (layer F.SilkS) (width 0.15))
    (fp_arc (start -14.5796 -15.748) (end -14.5796 -14.605) (angle 90) (layer F.SilkS) (width 0.15))
    (fp_line (start -12.2682 0) (end -13.462 0) (layer F.SilkS) (width 0.15))
    (fp_line (start -14.5796 -2.3114) (end -14.5796 -1.143) (layer F.SilkS) (width 0.15))
    (fp_line (start -16.891 0) (end -15.7226 0) (layer F.SilkS) (width 0.15))
    (fp_line (start -12.319 -15.748) (end -13.4112 -15.748) (layer F.SilkS) (width 0.15))
    (fp_line (start -14.5796 -14.605) (end -14.5796 -13.4366) (layer F.SilkS) (width 0.15))
    (fp_line (start -14.5796 -5.588) (end -14.5796 -6.731) (layer F.SilkS) (width 0.15))
    (fp_line (start -24.6126 -7.8994) (end -15.7226 -7.8994) (layer F.SilkS) (width 0.15))
    (fp_line (start -14.5796 -10.16) (end -14.5796 -9.017) (layer F.SilkS) (width 0.15))
    (fp_line (start -12.2936 -7.874) (end -13.4366 -7.874) (layer F.SilkS) (width 0.15))
    (fp_line (start -14.5796 -5.588) (end -14.5796 -2.286) (layer F.SilkS) (width 0.15))
    (fp_line (start -12.2936 -7.874) (end 0 -7.874) (layer F.SilkS) (width 0.15))
    (fp_line (start -14.5796 -10.16) (end -14.5796 -13.4366) (layer F.SilkS) (width 0.15))
    (fp_circle (center -14.5796 -7.874) (end -14.5796 -6.731) (layer F.SilkS) (width 0.15))
    (fp_line (start -12.2936 0) (end 0 0) (layer F.SilkS) (width 0.15))
    (fp_line (start -16.8656 0) (end -24.6126 0) (layer F.SilkS) (width 0.15))
    (fp_line (start -24.6126 -15.748) (end -16.8656 -15.748) (layer F.SilkS) (width 0.15))
    (fp_line (start -12.2936 -15.748) (end 0 -15.748) (layer F.SilkS) (width 0.15))
    (pad 1 thru_hole circle (at 3.5814 -4.063 180) (size 5.08 5.08) (drill 4.06) (layers *.Cu *.Mask F.Paste)
      (net 1 GND))
    (pad 2 thru_hole circle (at 3.5814 -12.064 180) (size 5.08 5.08) (drill 4.06) (layers *.Cu *.Mask F.Paste)
      (net 60 /+12V))
  )

  (module MRDT_Connectors:MOLEX_SL_05_Horizontal (layer F.Cu) (tedit 5AB80068) (tstamp 5BD7EBCD)
    (at 131.318 49.022)
    (path /5BC7224D)
    (fp_text reference Conn2 (at -3.81 2.54) (layer F.SilkS) hide
      (effects (font (size 1 1) (thickness 0.15)))
    )
    (fp_text value Molex_SL_05 (at 0 2.54) (layer F.Fab)
      (effects (font (size 1 1) (thickness 0.15)))
    )
    (fp_line (start -3.81 -13.208) (end -3.81 -12.7) (layer F.SilkS) (width 0.15))
    (fp_line (start 3.81 -12.7) (end 3.81 -13.208) (layer F.SilkS) (width 0.15))
    (fp_line (start -8.255 -13.208) (end 8.255 -13.208) (layer F.SilkS) (width 0.15))
    (fp_line (start -8.255 -1.27) (end -8.255 -13.208) (layer F.SilkS) (width 0.15))
    (fp_line (start 8.255 -1.27) (end 8.255 -13.208) (layer F.SilkS) (width 0.15))
    (fp_line (start 6.35 -1.27) (end 8.255 -1.27) (layer F.SilkS) (width 0.15))
    (fp_line (start -6.35 -1.27) (end -8.255 -1.27) (layer F.SilkS) (width 0.15))
    (fp_line (start -3.81 -8.89) (end -3.81 -7.62) (layer F.SilkS) (width 0.15))
    (fp_line (start -3.81 -7.62) (end 3.81 -7.62) (layer F.SilkS) (width 0.15))
    (fp_line (start 3.81 -7.62) (end 3.81 -8.89) (layer F.SilkS) (width 0.15))
    (fp_line (start 3.81 -8.89) (end 3.81 -12.7) (layer F.SilkS) (width 0.15))
    (fp_line (start -3.81 -8.89) (end -3.81 -12.7) (layer F.SilkS) (width 0.15))
    (fp_line (start -1.27 -7.62) (end -1.27 -5.08) (layer F.SilkS) (width 0.15))
    (fp_line (start -1.27 -5.08) (end 1.27 -5.08) (layer F.SilkS) (width 0.15))
    (fp_line (start 1.27 -5.08) (end 1.27 -7.62) (layer F.SilkS) (width 0.15))
    (fp_line (start -6.35 -1.27) (end 6.35 -1.27) (layer F.SilkS) (width 0.15))
    (fp_line (start 6.35 -1.27) (end 6.35 1.27) (layer F.SilkS) (width 0.15))
    (fp_line (start 6.35 1.27) (end -6.35 1.27) (layer F.SilkS) (width 0.15))
    (fp_line (start -6.35 1.27) (end -6.35 -1.27) (layer F.SilkS) (width 0.15))
    (pad 1 thru_hole circle (at -5.08 0) (size 1.524 1.524) (drill 0.762) (layers *.Cu *.Mask)
      (net 15 RX_1_SL))
    (pad 2 thru_hole circle (at -2.54 0) (size 1.524 1.524) (drill 0.762) (layers *.Cu *.Mask)
      (net 14 TX_1_SL))
    (pad 3 thru_hole circle (at 0 0) (size 1.524 1.524) (drill 0.762) (layers *.Cu *.Mask)
      (net 61 "Net-(Conn2-Pad3)"))
    (pad 4 thru_hole circle (at 2.54 0) (size 1.524 1.524) (drill 0.762) (layers *.Cu *.Mask)
      (net 62 "Net-(Conn2-Pad4)"))
    (pad 5 thru_hole circle (at 5.08 0) (size 1.524 1.524) (drill 0.762) (layers *.Cu *.Mask)
      (net 1 GND))
    (pad "" np_thru_hole circle (at -6.35 -8.636) (size 3.45 3.45) (drill 3.45) (layers *.Cu *.Mask))
    (pad "" np_thru_hole circle (at 6.35 -8.636) (size 3.45 3.45) (drill 3.45) (layers *.Cu *.Mask))
  )

  (module MRDT_Connectors:MOLEX_SL_05_Horizontal (layer F.Cu) (tedit 5AB80068) (tstamp 5BD7EBEB)
    (at 148.59 49.022)
    (path /5BC722B9)
    (fp_text reference Conn3 (at -3.81 2.54) (layer F.SilkS) hide
      (effects (font (size 1 1) (thickness 0.15)))
    )
    (fp_text value Molex_SL_05 (at 0 2.54) (layer F.Fab)
      (effects (font (size 1 1) (thickness 0.15)))
    )
    (fp_line (start -3.81 -13.208) (end -3.81 -12.7) (layer F.SilkS) (width 0.15))
    (fp_line (start 3.81 -12.7) (end 3.81 -13.208) (layer F.SilkS) (width 0.15))
    (fp_line (start -8.255 -13.208) (end 8.255 -13.208) (layer F.SilkS) (width 0.15))
    (fp_line (start -8.255 -1.27) (end -8.255 -13.208) (layer F.SilkS) (width 0.15))
    (fp_line (start 8.255 -1.27) (end 8.255 -13.208) (layer F.SilkS) (width 0.15))
    (fp_line (start 6.35 -1.27) (end 8.255 -1.27) (layer F.SilkS) (width 0.15))
    (fp_line (start -6.35 -1.27) (end -8.255 -1.27) (layer F.SilkS) (width 0.15))
    (fp_line (start -3.81 -8.89) (end -3.81 -7.62) (layer F.SilkS) (width 0.15))
    (fp_line (start -3.81 -7.62) (end 3.81 -7.62) (layer F.SilkS) (width 0.15))
    (fp_line (start 3.81 -7.62) (end 3.81 -8.89) (layer F.SilkS) (width 0.15))
    (fp_line (start 3.81 -8.89) (end 3.81 -12.7) (layer F.SilkS) (width 0.15))
    (fp_line (start -3.81 -8.89) (end -3.81 -12.7) (layer F.SilkS) (width 0.15))
    (fp_line (start -1.27 -7.62) (end -1.27 -5.08) (layer F.SilkS) (width 0.15))
    (fp_line (start -1.27 -5.08) (end 1.27 -5.08) (layer F.SilkS) (width 0.15))
    (fp_line (start 1.27 -5.08) (end 1.27 -7.62) (layer F.SilkS) (width 0.15))
    (fp_line (start -6.35 -1.27) (end 6.35 -1.27) (layer F.SilkS) (width 0.15))
    (fp_line (start 6.35 -1.27) (end 6.35 1.27) (layer F.SilkS) (width 0.15))
    (fp_line (start 6.35 1.27) (end -6.35 1.27) (layer F.SilkS) (width 0.15))
    (fp_line (start -6.35 1.27) (end -6.35 -1.27) (layer F.SilkS) (width 0.15))
    (pad 1 thru_hole circle (at -5.08 0) (size 1.524 1.524) (drill 0.762) (layers *.Cu *.Mask)
      (net 17 RX_2_SL))
    (pad 2 thru_hole circle (at -2.54 0) (size 1.524 1.524) (drill 0.762) (layers *.Cu *.Mask)
      (net 16 TX_2_SL))
    (pad 3 thru_hole circle (at 0 0) (size 1.524 1.524) (drill 0.762) (layers *.Cu *.Mask)
      (net 63 "Net-(Conn3-Pad3)"))
    (pad 4 thru_hole circle (at 2.54 0) (size 1.524 1.524) (drill 0.762) (layers *.Cu *.Mask)
      (net 64 "Net-(Conn3-Pad4)"))
    (pad 5 thru_hole circle (at 5.08 0) (size 1.524 1.524) (drill 0.762) (layers *.Cu *.Mask)
      (net 1 GND))
    (pad "" np_thru_hole circle (at -6.35 -8.636) (size 3.45 3.45) (drill 3.45) (layers *.Cu *.Mask))
    (pad "" np_thru_hole circle (at 6.35 -8.636) (size 3.45 3.45) (drill 3.45) (layers *.Cu *.Mask))
  )

  (module MRDT_Connectors:MOLEX_SL_05_Horizontal (layer F.Cu) (tedit 5AB80068) (tstamp 5BD7F5C7)
    (at 165.862 49.022)
    (path /5BC7231D)
    (fp_text reference Conn4 (at -3.81 2.54) (layer F.SilkS) hide
      (effects (font (size 1 1) (thickness 0.15)))
    )
    (fp_text value Molex_SL_05 (at 0 2.54) (layer F.Fab)
      (effects (font (size 1 1) (thickness 0.15)))
    )
    (fp_line (start -6.35 1.27) (end -6.35 -1.27) (layer F.SilkS) (width 0.15))
    (fp_line (start 6.35 1.27) (end -6.35 1.27) (layer F.SilkS) (width 0.15))
    (fp_line (start 6.35 -1.27) (end 6.35 1.27) (layer F.SilkS) (width 0.15))
    (fp_line (start -6.35 -1.27) (end 6.35 -1.27) (layer F.SilkS) (width 0.15))
    (fp_line (start 1.27 -5.08) (end 1.27 -7.62) (layer F.SilkS) (width 0.15))
    (fp_line (start -1.27 -5.08) (end 1.27 -5.08) (layer F.SilkS) (width 0.15))
    (fp_line (start -1.27 -7.62) (end -1.27 -5.08) (layer F.SilkS) (width 0.15))
    (fp_line (start -3.81 -8.89) (end -3.81 -12.7) (layer F.SilkS) (width 0.15))
    (fp_line (start 3.81 -8.89) (end 3.81 -12.7) (layer F.SilkS) (width 0.15))
    (fp_line (start 3.81 -7.62) (end 3.81 -8.89) (layer F.SilkS) (width 0.15))
    (fp_line (start -3.81 -7.62) (end 3.81 -7.62) (layer F.SilkS) (width 0.15))
    (fp_line (start -3.81 -8.89) (end -3.81 -7.62) (layer F.SilkS) (width 0.15))
